CPP : 1182.976833999157
f5d0d9afb708abcdc08b69fb5df267bc04da4a4b
CPP : 1170.5964579991996
f5d0d9afb708abcdc08b69fb5df267bc04da4a4b
CPP : 1173.559957999736
